.__C__Rasch <-
<S4 object of class structure("classRepresentation", package = "methods")>
.Random.seed <-
c(403L, 10L, -1687434951L, 771646795L, -1442009350L, -348528644L, 
1694883903L, -1560897259L, -2017713620L, 19689218L, -937051171L, 
131823319L, -1576549954L, -1222597640L, 921507803L, 794454585L, 
272542600L, -509617354L, -1683961487L, 1894638499L, 1518318322L, 
1414910532L, -1638466297L, -28801827L, 1603039700L, 2135807226L, 
-290649019L, 1833606303L, -2111701466L, -1739523408L, -1755912365L, 
-686169487L, -734613600L, -972290242L, -698708407L, 1747249915L, 
1031314122L, 1550715948L, 2076529711L, 1884454117L, -1231358564L, 
-1856342030L, -1978015123L, -798644313L, 630102478L, -1733939416L, 
529769771L, -1470855351L, -60928936L, -205276922L, 264979681L, 
-177937293L, 1842966754L, 249256020L, 101416279L, 1915686221L, 
-1402679068L, 459132106L, 992878901L, 2006460303L, -1544948586L, 
-1721418688L, 1297116419L, -2005802719L, -966202864L, 1991799278L, 
514155929L, -38895061L, 1273393946L, -680277540L, -2048393249L, 
2140833717L, -2128502452L, 559900578L, -278524163L, 69378039L, 
1249831198L, -288042024L, 808465723L, -143879463L, 1681329768L, 
37031830L, 1744927505L, 1827853507L, -2114921262L, -87537308L, 
-863589209L, -1455582723L, 209239028L, 830207194L, -257599963L, 
-453375169L, 597878982L, 848029008L, 418631027L, -2108631151L, 
95480256L, -805442658L, 723670377L, -350138981L, -1726115670L, 
-1832440116L, -223211633L, 2124225477L, -1658962052L, 81346514L, 
469421901L, 1217277447L, -1752437266L, 892721352L, -239888437L, 
-213769687L, 1607344248L, 758562214L, -1347131455L, 1756716115L, 
-1083493630L, -1686661580L, 1398248375L, -981167187L, 1575475396L, 
1961073898L, -824618155L, 1751647471L, -52131082L, -617073120L, 
1103506403L, 565141633L, -799826192L, 592629134L, 788816633L, 
-1273847669L, -383539014L, -1509975108L, -1803345665L, 652969045L, 
691834732L, 2133434306L, 646395933L, -1075083113L, 1331009022L, 
20022712L, 2076625307L, 1012453369L, 1251022664L, -978111882L, 
232950705L, 185415139L, 1293257394L, 467707652L, 967097415L, 
-1351754979L, 1337983380L, -18602694L, 480377221L, 1709333087L, 
105905382L, -1877250192L, 848916627L, 771702065L, 71044064L, 
1774188670L, 741114633L, -2068363973L, 1257904394L, -1042290452L, 
1760777583L, 164723365L, 679892060L, 107344946L, 694588205L, 
-2070918681L, 642913550L, 596519656L, 177284331L, 861240713L, 
806214936L, -636403642L, -1078777695L, 740847411L, -1422188894L, 
-102429292L, 800609303L, 2107110413L, 1391796516L, 594005258L, 
-179884939L, 1675134927L, 960481494L, 1375225984L, -1668507965L, 
-269025183L, 1325125840L, 1535953454L, 1035369433L, 461472747L, 
-601496998L, 486388764L, -1312067297L, -1244118667L, 1490468876L, 
1850616290L, -1555721539L, 1204907319L, 70726110L, 1940444952L, 
-207290757L, -1017639911L, -1145398104L, -2013604266L, -895421743L, 
-1745403261L, -828040942L, -1656611676L, 1746087015L, -369744451L, 
-654895308L, -1861598054L, 953379557L, -1278102401L, 109481478L, 
-851330672L, 199099443L, -275051567L, 1531560320L, 238431326L, 
1588759465L, -576392613L, 1078789738L, 1110583548L, 514371570L, 
1015063808L, -1899390092L, -446392312L, -484136518L, 1288457680L, 
208573420L, 323464084L, 2113653714L, 165343072L, -617105076L, 
-93708000L, 2092478338L, -9711896L, -2094941972L, 1674214972L, 
1301865330L, -335919504L, 2107649060L, 1360650040L, -1293025126L, 
-1663940912L, 994157756L, 944425620L, 1283742338L, 1139298496L, 
-1489541828L, 654215312L, -1000702430L, 1968798216L, -1771645684L, 
1799021212L, 1057740306L, -1750814336L, 1959961108L, -2132427224L, 
1905541434L, 1431346128L, -1061728660L, 865303348L, -575130990L, 
-859896480L, -1445071540L, -2110528544L, -306962526L, 1356832680L, 
-805376116L, -1479624004L, -163439758L, -1258323728L, 1912245316L, 
-957846184L, 730189882L, 769983344L, 403117116L, -2019775724L, 
1367772610L, 1163922656L, -360417412L, -1825597744L, -1676485982L, 
127865896L, 1021509900L, -1485108292L, -1443674830L, -1952221248L, 
-32430540L, 1186966472L, 750216378L, 1266452368L, 1266002412L, 
1231131732L, 719395474L, -1228231904L, -313417268L, -477897760L, 
-1900439870L, -639953368L, 310357676L, -2044410180L, 1791476210L, 
658381104L, -506083164L, 1652144824L, -1565171878L, -1463616112L, 
1156148604L, 1484099860L, -2069385918L, -1471810816L, 1916677052L, 
-570436784L, -640703198L, -1232295608L, -485651444L, -344081316L, 
-1085332270L, 1629037568L, -2054674604L, 1558567400L, 1757953018L, 
287017680L, 1325303084L, -473965324L, 2001773458L, 830450784L, 
1915369740L, 477731552L, -1831983774L, -972212568L, 228916812L, 
817992572L, 1000218418L, 689070704L, -752709308L, -1900509224L, 
-1878473606L, -46126544L, 1832660668L, 290967380L, 1593818690L, 
1128562592L, -555148100L, -1433693744L, 745218402L, 910125032L, 
1200061388L, -106258692L, -218135566L, 1241552000L, -1307352844L, 
1631875208L, 2003595578L, -1762585776L, 52846700L, -671736684L, 
-1781455534L, -272104736L, 1443278028L, -277517152L, 680095106L, 
-536609560L, -2123166484L, -615266244L, 932756594L, -1320043408L, 
1557447204L, -1281649096L, -26435046L, -57477936L, -74840516L, 
-699002732L, 825932930L, -2097128512L, -1996213956L, -5923184L, 
1482855458L, -992092152L, 487105676L, -1772387300L, -439177070L, 
-1304763264L, -948491244L, -572147928L, 952309818L, -1395332912L, 
644507756L, -1549738316L, -1737249774L, -461687840L, 1731814348L, 
-851840544L, 572827682L, -1129732824L, -258879220L, 1193574972L, 
1993836786L, 2000801008L, -1211984060L, -975999912L, 1084474938L, 
-798125840L, 1074669244L, 1144021524L, 1324723394L, -1017161120L, 
393486716L, 206212304L, -1409243102L, -1093450584L, 1858965900L, 
-1239330372L, 1155882034L, 668145472L, 1746129588L, 1275428168L, 
-1298651462L, -1166421232L, 1109178604L, 2059730004L, 1261918994L, 
-436093536L, 623155148L, 1153622880L, -1201623870L, 267174440L, 
-762974804L, 994114364L, -1694425230L, 374529840L, -1797737436L, 
-1023610312L, -695818534L, 1188287376L, -1510651652L, -778059372L, 
-2072956094L, -1507239424L, -582618052L, -1948689840L, -1610271582L, 
-937044152L, 1529454092L, -1082405156L, -1613688750L, -810762112L, 
672909476L, -1008402091L, 819896831L, 625531032L, -933214794L, 
332017219L, 964809605L, -1411303390L, 451263248L, -422406471L, 
304671595L, 758366812L, -1526587510L, -1780297857L, -2005982519L, 
1629932382L, 942927884L, -173072419L, -923260185L, -240975088L, 
1077959214L, 509673691L, -286474819L, -1997944022L, 1429849032L, 
-1871134479L, 1454718563L, 1999440484L, 1040247186L, 1391461991L, 
662537777L, 1808513910L, 1224593556L, -1877598555L, -921465937L, 
-855185304L, -2068366266L, -1044579853L, 1115063637L, 1311231794L, 
595051264L, 403089385L, -271123877L, 1304896684L, -170624326L, 
338030703L, 325586425L, 1212749966L, -92343972L, 716016077L, 
-305500873L, -1275347008L, -481478498L, -1844716181L, 1290896621L, 
-822135462L, -883411432L, -1694932095L, 2103523635L, 1829377876L, 
-2002325150L, 736393719L, 1549875777L, -458961210L, -230076412L, 
1397243829L, -1992593249L, 1952787704L, 752407766L, -1060338333L, 
839332133L, -714053950L, 1545708464L, -858849319L, -1851377333L, 
328384444L, -2027251734L, 399065119L, -1170127191L, -1570956738L, 
-1693571284L, -644513411L, 1583947719L, 1709139632L, 393725134L, 
213954043L, -1494231459L, -858545782L, 160471464L, 591042321L, 
-401578493L, -651501308L, -795667150L, 1279837063L, -2063478319L, 
1242000214L, -1934958284L, 316375109L, 1129662607L, 432383496L, 
831130150L, -706962733L, 2017586229L, -864734318L, -702590112L, 
-970363191L, 314184187L, -961135156L, 1562430554L, 1064137039L, 
-1959522279L, -1329088978L, 773119036L, -1216341587L, 1772345943L, 
1190876064L, -696747778L, 396839883L, -187380275L, -1875508998L, 
1201111864L, -1883397919L, 1583543187L, 1590589364L, -538972990L, 
-1988656937L, 1147256097L, -1621775130L, -2104972828L, 1706910997L, 
69270847L, 1946792152L, 1356067062L, -969766141L, -281068475L, 
-1413868446L, -1861770288L, 1497958649L, -1786150357L, -1245221476L, 
